t  11515  1111
l  5847  11101
.  1512  1110011
J  93  11100101111
z  45  111001011101
L  45  111001011100
D  42  111001011011
:  40  111001011010
O  80  11100101100
S  339  111001010
C  160  1110010011
q  153  1110010010
A  312  111001000
g  2761  111000
a  10834  1101
o  9890  1100
c  2663  101111
v  1192  1011101
-  292  101110011
Y  21  1011100101111
G  18  1011100101110
(  18  1011100101101
)  18  1011100101100
?  67  10111001010
5  2  0011001010011010
d  6281  0000
U  15  0011001010010
Q  4  001100101000110
"  391  00110001
X  3  001100101000100
3  3  001100101000011
b  2029  001111
7  1  0011001010000101
f  2878  00010
4  4  001100101001100
K  1  0011001010000100
1  5  00110010100000
2  1  0011001010001010
w  3518  00101
H  141  1011100100
m  3494  00100
0  2  0011001010001011
u  3428  00011
F  188  001100000
E  95  0011000010
9  4  001100101000111
h  8491  0111
P  50  00110000111
!  112  0011001011
R  49  00110000110
M  197  001100100
6  2  0011001010011011
e  17214  100
V  9  00110010100111
'  233  001110000
;  56  00110010101
j  120  0011100011
T  430  00110011
,  1938  001101
W  120  0011100010
N  245  001110010
I  261  001110011
x  274  101110000
k  985  0011101
r  7643  0100
s  7685  0101
i  7886  0110
n  9253  1010
p  2149  101100
y  2173  101101
B  280  101110001
